pdb.list.BM5 samples = 55

AP_GOAP_G 0.0 0.0 0.127272727273 0.545454545455 0.727272727273 
CP_MSBM 0.0181818181818 0.0363636363636 0.272727272727 0.563636363636 0.727272727273 
AP_WENG 0.0363636363636 0.0363636363636 0.0909090909091 0.509090909091 0.727272727273 
AP_GOAP_ALL 0.0 0.0545454545455 0.145454545455 0.509090909091 0.727272727273 
CP_Qa 0.0 0.0545454545455 0.309090909091 0.618181818182 0.727272727273 
DESOLV 0.0181818181818 0.0727272727273 0.145454545455 0.490909090909 0.727272727273 
AP_DOPE 0.0363636363636 0.0727272727273 0.363636363636 0.636363636364 0.727272727273 
AP_DOPE_HR 0.0363636363636 0.0727272727273 0.4 0.636363636364 0.727272727273 
CP_ZLOCAL_CB 0.0727272727273 0.0727272727273 0.127272727273 0.472727272727 0.727272727273 
CP_DECK 0.0181818181818 0.0909090909091 0.163636363636 0.618181818182 0.727272727273 
CP_RO 0.0181818181818 0.0909090909091 0.272727272727 0.527272727273 0.727272727273 
ODA 0.0181818181818 0.0909090909091 0.236363636364 0.545454545455 0.727272727273 
AP_DARS 0.0363636363636 0.0909090909091 0.327272727273 0.545454545455 0.727272727273 
CP_MJ3h 0.0363636363636 0.0909090909091 0.4 0.654545454545 0.727272727273 
SIPPER 0.0545454545455 0.0909090909091 0.4 0.6 0.727272727273 
CP_Z3DC_CB 0.0727272727273 0.0909090909091 0.145454545455 0.527272727273 0.727272727273 
CP_Z3DC_MIN 0.0727272727273 0.0909090909091 0.181818181818 0.563636363636 0.727272727273 
CP_ELOCAL_CB 0.0909090909091 0.0909090909091 0.272727272727 0.6 0.727272727273 
CP_TD 0.0 0.109090909091 0.454545454545 0.654545454545 0.727272727273 
AP_URS 0.0181818181818 0.109090909091 0.327272727273 0.636363636364 0.727272727273 
CP_TEs 0.0363636363636 0.109090909091 0.381818181818 0.6 0.727272727273 
VDW 0.0363636363636 0.109090909091 0.345454545455 0.654545454545 0.727272727273 
CP_E3DC_MIN 0.0727272727273 0.109090909091 0.345454545455 0.6 0.727272727273 
CP_E3D_CB 0.0909090909091 0.109090909091 0.290909090909 0.618181818182 0.727272727273 
CP_ZPAIR_MIN 0.0909090909091 0.109090909091 0.254545454545 0.618181818182 0.727272727273 
CP_E3DC_CB 0.109090909091 0.109090909091 0.2 0.563636363636 0.727272727273 
CP_MJPL 0.0181818181818 0.127272727273 0.454545454545 0.654545454545 0.727272727273 
CP_MJ1 0.0545454545455 0.127272727273 0.345454545455 0.618181818182 0.727272727273 
CP_ZLOCAL_MIN 0.0727272727273 0.127272727273 0.181818181818 0.509090909091 0.727272727273 
CP_ZPAIR_CB 0.0727272727273 0.127272727273 0.2 0.509090909091 0.727272727273 
CP_ZS3DC_MIN 0.0909090909091 0.127272727273 0.272727272727 0.581818181818 0.727272727273 
AP_DFIRE2 0.0363636363636 0.145454545455 0.381818181818 0.654545454545 0.727272727273 
CP_SKOIP 0.0363636363636 0.145454545455 0.490909090909 0.6 0.727272727273 
CP_TEl 0.0363636363636 0.145454545455 0.345454545455 0.636363636364 0.727272727273 
CP_MJ2 0.0545454545455 0.145454545455 0.327272727273 0.654545454545 0.727272727273 
CP_Qm 0.0545454545455 0.145454545455 0.363636363636 0.672727272727 0.727272727273 
AP_dDFIRE 0.0727272727273 0.145454545455 0.418181818182 0.654545454545 0.727272727273 
CP_ES3DC_CB 0.0727272727273 0.145454545455 0.218181818182 0.6 0.727272727273 
PROPNSTS 0.0727272727273 0.145454545455 0.327272727273 0.6 0.727272727273 
PYDOCK_TOT 0.0727272727273 0.145454545455 0.327272727273 0.618181818182 0.727272727273 
CP_EPAIR_CB 0.0909090909091 0.145454545455 0.218181818182 0.509090909091 0.727272727273 
CP_ZS3DC_CB 0.109090909091 0.145454545455 0.2 0.618181818182 0.727272727273 
AP_calRW 0.0 0.163636363636 0.527272727273 0.690909090909 0.727272727273 
AP_GOAP_DF 0.0363636363636 0.163636363636 0.345454545455 0.636363636364 0.727272727273 
CP_BL 0.0363636363636 0.163636363636 0.327272727273 0.6 0.727272727273 
CP_RMFCA 0.0363636363636 0.163636363636 0.436363636364 0.672727272727 0.727272727273 
AP_T1 0.0545454545455 0.163636363636 0.418181818182 0.672727272727 0.727272727273 
CP_SJKG 0.0727272727273 0.163636363636 0.363636363636 0.618181818182 0.727272727273 
CP_Qp 0.0909090909091 0.163636363636 0.509090909091 0.709090909091 0.727272727273 
CP_ES3DC_MIN 0.109090909091 0.163636363636 0.254545454545 0.563636363636 0.727272727273 
ELE 0.127272727273 0.163636363636 0.381818181818 0.636363636364 0.727272727273 
CP_RMFCEN1 0.0 0.181818181818 0.4 0.636363636364 0.727272727273 
CP_MJ2h 0.0181818181818 0.181818181818 0.454545454545 0.654545454545 0.727272727273 
CP_TS 0.0181818181818 0.181818181818 0.418181818182 0.654545454545 0.727272727273 
AP_DCOMPLEX 0.0363636363636 0.181818181818 0.454545454545 0.654545454545 0.727272727273 
CP_GKS 0.0363636363636 0.181818181818 0.381818181818 0.636363636364 0.727272727273 
CP_MS 0.0363636363636 0.181818181818 0.290909090909 0.618181818182 0.727272727273 
CP_RMFCEN2 0.0363636363636 0.181818181818 0.4 0.654545454545 0.727272727273 
CP_SKOb 0.0363636363636 0.181818181818 0.381818181818 0.636363636364 0.727272727273 
CP_SKOa 0.0727272727273 0.181818181818 0.4 0.636363636364 0.727272727273 
AP_PISA 0.0909090909091 0.181818181818 0.418181818182 0.654545454545 0.727272727273 
CP_EPAIR_MIN 0.0909090909091 0.181818181818 0.290909090909 0.6 0.727272727273 
CP_ELOCAL_MIN 0.109090909091 0.181818181818 0.345454545455 0.618181818182 0.727272727273 
AP_calRWp 0.0181818181818 0.2 0.509090909091 0.654545454545 0.727272727273 
CP_BT 0.0545454545455 0.2 0.436363636364 0.672727272727 0.727272727273 
CP_VD 0.0727272727273 0.2 0.345454545455 0.672727272727 0.727272727273 
AP_T2 0.0363636363636 0.218181818182 0.418181818182 0.654545454545 0.727272727273 
CP_E3D_MIN 0.0909090909091 0.218181818182 0.381818181818 0.618181818182 0.727272727273 
CP_BFKV 0.0545454545455 0.236363636364 0.454545454545 0.654545454545 0.727272727273 
AP_MPS 0.0727272727273 0.236363636364 0.381818181818 0.672727272727 0.727272727273 
CP_TSC 0.0727272727273 0.236363636364 0.363636363636 0.654545454545 0.727272727273 
CP_TB 0.109090909091 0.236363636364 0.4 0.654545454545 0.727272727273 
SDOCK 0.127272727273 0.236363636364 0.472727272727 0.618181818182 0.727272727273
CP_HLPL 0.0545454545455 0.254545454545 0.472727272727 0.709090909091 0.727272727273 
