pdb.list.BM5 samples = 55
pydock 


CP_E3DC_CB 0.0 0.0 0.0363636363636 0.236363636364 
CP_EPAIR_CB 0.0 0.0 0.0181818181818 0.272727272727 
CP_EPAIR_MIN 0.0 0.0 0.127272727273 0.436363636364 
CP_GKS 0.0 0.0 0.127272727273 0.4 
CP_MJ1 0.0 0.0 0.0181818181818 0.181818181818 
CP_MSBM 0.0 0.0 0.0363636363636 0.327272727273 
CP_RO 0.0 0.0 0.0909090909091 0.254545454545 
CP_Z3DC_CB 0.0 0.0 0.0363636363636 0.309090909091 
CP_ZLOCAL_CB 0.0 0.0 0.0181818181818 0.254545454545 
CP_ZLOCAL_MIN 0.0 0.0 0.0363636363636 0.254545454545 
CP_ZPAIR_MIN 0.0 0.0 0.0909090909091 0.418181818182 
CP_ZS3DC_CB 0.0 0.0 0.0727272727273 0.381818181818 
DESOLV 0.0 0.0 0.0727272727273 0.363636363636 
ODA 0.0 0.0 0.145454545455 0.472727272727 
VDW 0.0 0.0 0.0727272727273 0.363636363636 
AP_GOAP_ALL 0.0 0.0181818181818 0.109090909091 0.436363636364 
AP_GOAP_G 0.0 0.0181818181818 0.0181818181818 0.2 
AP_URS 0.0 0.0181818181818 0.181818181818 0.545454545455 
AP_WENG 0.0 0.0181818181818 0.0727272727273 0.181818181818 
CP_E3D_CB 0.0 0.0181818181818 0.109090909091 0.345454545455 
CP_E3DC_MIN 0.0 0.0181818181818 0.109090909091 0.436363636364 
CP_ES3DC_CB 0.0 0.0181818181818 0.0727272727273 0.381818181818 
CP_Z3DC_MIN 0.0 0.0181818181818 0.0363636363636 0.363636363636 
CP_ZPAIR_CB 0.0 0.0181818181818 0.0545454545455 0.2 
PROPNSTS 0.0 0.0181818181818 0.218181818182 0.490909090909 
SIPPER 0.0 0.0181818181818 0.127272727273 0.527272727273 
CP_ELOCAL_CB 0.0181818181818 0.0181818181818 0.127272727273 0.309090909091 
ELE 0.0181818181818 0.0181818181818 0.0909090909091 0.381818181818 
PYDOCK_TOT 0.0181818181818 0.0181818181818 0.0909090909091 0.381818181818 
CP_MS 0.0181818181818 0.0363636363636 0.145454545455 0.309090909091 
CP_Qa 0.0181818181818 0.0363636363636 0.327272727273 0.6 
AP_calRW 0.0 0.0545454545455 0.163636363636 0.618181818182 
CP_MJ2 0.0 0.0545454545455 0.163636363636 0.327272727273 
CP_MJPL 0.0 0.0545454545455 0.127272727273 0.490909090909 
AP_calRWp 0.0181818181818 0.0545454545455 0.127272727273 0.527272727273 
CP_ELOCAL_MIN 0.0181818181818 0.0545454545455 0.181818181818 0.490909090909 
AP_DOPE_HR 0.0 0.0727272727273 0.0909090909091 0.581818181818 
CP_E3D_MIN 0.0 0.0727272727273 0.163636363636 0.490909090909 
CP_MJ2h 0.0 0.0727272727273 0.272727272727 0.545454545455 
CP_DECK 0.0181818181818 0.0727272727273 0.236363636364 0.563636363636 
AP_DOPE 0.0363636363636 0.0727272727273 0.290909090909 0.563636363636 
CP_VD 0.0363636363636 0.0727272727273 0.236363636364 0.436363636364 
CP_RMFCEN2 0.0 0.0909090909091 0.290909090909 0.527272727273 
CP_TS 0.0181818181818 0.0909090909091 0.181818181818 0.509090909091 
CP_ZS3DC_MIN 0.0181818181818 0.0909090909091 0.345454545455 0.6 
CP_BL 0.0363636363636 0.0909090909091 0.163636363636 0.381818181818 
CP_TEs 0.0363636363636 0.0909090909091 0.345454545455 0.6 
AP_T1 0.0 0.109090909091 0.363636363636 0.709090909091 
AP_DFIRE2 0.0181818181818 0.109090909091 0.290909090909 0.6 
CP_ES3DC_MIN 0.0181818181818 0.109090909091 0.290909090909 0.6 
CP_RMFCA 0.0181818181818 0.109090909091 0.381818181818 0.690909090909 
CP_RMFCEN1 0.0181818181818 0.109090909091 0.290909090909 0.636363636364 
AP_T2 0.0 0.127272727273 0.345454545455 0.672727272727 
CP_Qm 0.0 0.127272727273 0.363636363636 0.618181818182 
CP_Qp 0.0 0.127272727273 0.381818181818 0.654545454545 
CP_TEl 0.0 0.127272727273 0.290909090909 0.672727272727 
CP_SKOIP 0.0181818181818 0.127272727273 0.4 0.672727272727 
AP_GOAP_DF 0.0363636363636 0.127272727273 0.345454545455 0.618181818182 
AP_MPS 0.0363636363636 0.127272727273 0.345454545455 0.636363636364 
CP_TSC 0.0545454545455 0.127272727273 0.436363636364 0.654545454545 
AP_DARS 0.0363636363636 0.145454545455 0.363636363636 0.654545454545 
CP_SKOb 0.0545454545455 0.145454545455 0.327272727273 0.581818181818 
CP_TD 0.0545454545455 0.145454545455 0.254545454545 0.563636363636 
AP_PISA 0.0181818181818 0.163636363636 0.381818181818 0.618181818182 
CP_MJ3h 0.0363636363636 0.163636363636 0.363636363636 0.690909090909 
CP_SJKG 0.0545454545455 0.163636363636 0.309090909091 0.6 
CP_BT 0.0727272727273 0.163636363636 0.381818181818 0.654545454545 
AP_DCOMPLEX 0.0181818181818 0.181818181818 0.345454545455 0.581818181818 
CP_SKOa 0.0181818181818 0.181818181818 0.345454545455 0.563636363636 
AP_dDFIRE 0.0363636363636 0.2 0.345454545455 0.672727272727 
CP_HLPL 0.0545454545455 0.2 0.454545454545 0.709090909091 
CP_TB 0.0545454545455 0.2 0.363636363636 0.672727272727 
PYDOCK3 0.0727272727273 0.2 0.418181818182 0.672727272727 
CP_BFKV 0.0727272727273 0.254545454545 0.381818181818 0.654545454545 
