/gpfs/scratch/bsc54/bsc54563/Analisys_MI_BM4_BM5_METHOD_MIX 

pdb,list,flexibility,1 samples = 24

AP_calRW 0,0 0,208333333333 0,625 
AP_calRWp 0,125 0,166666666667 0,625 
AP_DARS 0,166666666667 0,166666666667 0,208333333333 
AP_DCOMPLEX 0,125 0,375 0,625 
AP_dDFIRE 0,125 0,333333333333 0,458333333333 
AP_DFIRE2 0,0833333333333 0,166666666667 0,5 
AP_DOPE 0,0833333333333 0,166666666667 0,416666666667 
AP_DOPE_HR 0,125 0,25 0,458333333333 
AP_GOAP_ALL 0,0 0,0 0,125 
AP_GOAP_DF 0,0833333333333 0,25 0,416666666667 
AP_GOAP_G 0,0 0,0 0,0416666666667 
AP_MPS 0,0833333333333 0,0833333333333 0,291666666667 
AP_PISA 0,166666666667 0,541666666667 0,666666666667 
AP_T1 0,208333333333 0,458333333333 0,708333333333 
AP_T2 0,208333333333 0,5 0,541666666667 
AP_URS 0,0833333333333 0,25 0,416666666667 
AP_WENG 0,0416666666667 0,0416666666667 0,166666666667 
CP_BFKV 0,0833333333333 0,166666666667 0,333333333333 
CP_BL 0,0416666666667 0,208333333333 0,458333333333 
CP_BT 0,0 0,25 0,541666666667 
CP_DECK 0,291666666667 0,333333333333 0,583333333333 
CP_E3D_CB 0,0416666666667 0,208333333333 0,5 
CP_E3DC_CB 0,0 0,0833333333333 0,166666666667 
CP_E3DC_MIN 0,0833333333333 0,333333333333 0,5 
CP_E3D_MIN 0,0416666666667 0,25 0,625 
CP_ELOCAL_CB 0,0416666666667 0,208333333333 0,416666666667 
CP_ELOCAL_MIN 0,0416666666667 0,208333333333 0,666666666667 
CP_EPAIR_CB 0,0833333333333 0,166666666667 0,25 
CP_EPAIR_MIN 0,0416666666667 0,291666666667 0,666666666667 
CP_ES3DC_CB 0,0 0,125 0,25 
CP_ES3DC_MIN 0,0 0,166666666667 0,375 
CP_GKS 0,0 0,0416666666667 0,291666666667 
CP_HLPL 0,125 0,25 0,541666666667 
CP_MJ1 0,0 0,0 0,25 
CP_MJ2 0,0 0,0416666666667 0,25 
CP_MJ2h 0,0416666666667 0,291666666667 0,625 
CP_MJ3h 0,125 0,291666666667 0,583333333333 
CP_MJPL 0,0416666666667 0,25 0,625 
CP_MS 0,0416666666667 0,166666666667 0,375 
CP_MSBM 0,125 0,208333333333 0,375 
CP_Qa 0,0 0,0833333333333 0,208333333333 
CP_Qm 0,0833333333333 0,125 0,25 
CP_Qp 0,0833333333333 0,25 0,583333333333 
CP_RMFCA 0,0416666666667 0,25 0,5 
CP_RMFCEN1 0,0833333333333 0,333333333333 0,666666666667 
CP_RMFCEN2 0,125 0,25 0,666666666667 
CP_RO 0,0 0,0416666666667 0,333333333333 
CP_SJKG 0,0 0,0 0,125 
CP_SKOa 0,0 0,0833333333333 0,166666666667 
CP_SKOb 0,0 0,166666666667 0,333333333333 
CP_SKOIP 0,0416666666667 0,166666666667 0,458333333333 
CP_TB 0,125 0,291666666667 0,708333333333 
CP_TD 0,0416666666667 0,208333333333 0,625 
CP_TEl 0,125 0,291666666667 0,541666666667 
CP_TEs 0,0 0,0 0,291666666667 
CP_TS 0,0833333333333 0,333333333333 0,666666666667 
CP_TSC 0,0833333333333 0,458333333333 0,75 
CP_VD 0,0833333333333 0,208333333333 0,458333333333 
CP_Z3DC_CB 0,0 0,0 0,0416666666667 
CP_Z3DC_MIN 0,0 0,0833333333333 0,166666666667 
CP_ZLOCAL_CB 0,0 0,0416666666667 0,0416666666667 
CP_ZLOCAL_MIN 0,0 0,0 0,0416666666667 
CP_ZPAIR_CB 0,0 0,0 0,0 
CP_ZPAIR_MIN 0,0 0,0 0,0416666666667 
CP_ZS3DC_CB 0,0416666666667 0,0416666666667 0,125 
CP_ZS3DC_MIN 0,0416666666667 0,166666666667 0,375 
DESOLV 0,125 0,166666666667 0,291666666667 
ELE 0,0416666666667 0,208333333333 0,583333333333 
ODA 0,125 0,208333333333 0,333333333333 
PROPNSTS 0,0 0,0 0,0 
PYDOCK_TOT 0,0833333333333 0,291666666667 0,541666666667 
SIPPER 0,0 0,0 0,0 
VDW 0,125 0,375 0,625 

/gpfs/scratch/bsc54/bsc54563/Analisys_MI_BM4_BM5_METHOD_MIX 

pdb,list,flexibility,2 samples = 56

AP_calRW 0,0357142857143 0,214285714286 0,553571428571 
AP_calRWp 0,0357142857143 0,285714285714 0,625 
AP_DARS 0,0535714285714 0,107142857143 0,321428571429 
AP_DCOMPLEX 0,160714285714 0,303571428571 0,660714285714 
AP_dDFIRE 0,107142857143 0,285714285714 0,5 
AP_DFIRE2 0,0714285714286 0,142857142857 0,446428571429 
AP_DOPE 0,0714285714286 0,125 0,303571428571 
AP_DOPE_HR 0,0357142857143 0,178571428571 0,446428571429 
AP_GOAP_ALL 0,0357142857143 0,0535714285714 0,178571428571 
AP_GOAP_DF 0,125 0,214285714286 0,428571428571 
AP_GOAP_G 0,0178571428571 0,0357142857143 0,160714285714 
AP_MPS 0,0535714285714 0,214285714286 0,285714285714 
AP_PISA 0,0892857142857 0,339285714286 0,553571428571 
AP_T1 0,0535714285714 0,339285714286 0,607142857143 
AP_T2 0,125 0,303571428571 0,607142857143 
AP_URS 0,0178571428571 0,160714285714 0,446428571429 
AP_WENG 0,0178571428571 0,0357142857143 0,0892857142857 
CP_BFKV 0,0357142857143 0,125 0,392857142857 
CP_BL 0,0178571428571 0,196428571429 0,392857142857 
CP_BT 0,0357142857143 0,25 0,392857142857 
CP_DECK 0,178571428571 0,267857142857 0,375 
CP_E3D_CB 0,0892857142857 0,178571428571 0,392857142857 
CP_E3DC_CB 0,0 0,0357142857143 0,178571428571 
CP_E3DC_MIN 0,0714285714286 0,178571428571 0,392857142857 
CP_E3D_MIN 0,125 0,25 0,517857142857 
CP_ELOCAL_CB 0,0714285714286 0,196428571429 0,410714285714 
CP_ELOCAL_MIN 0,125 0,232142857143 0,464285714286 
CP_EPAIR_CB 0,0892857142857 0,125 0,321428571429 
CP_EPAIR_MIN 0,0892857142857 0,214285714286 0,428571428571 
CP_ES3DC_CB 0,0357142857143 0,0892857142857 0,25 
CP_ES3DC_MIN 0,0357142857143 0,178571428571 0,446428571429 
CP_GKS 0,0178571428571 0,0714285714286 0,357142857143 
CP_HLPL 0,0714285714286 0,232142857143 0,535714285714 
CP_MJ1 0,0178571428571 0,107142857143 0,267857142857 
CP_MJ2 0,0 0,0357142857143 0,321428571429 
CP_MJ2h 0,0892857142857 0,285714285714 0,535714285714 
CP_MJ3h 0,0357142857143 0,178571428571 0,357142857143 
CP_MJPL 0,107142857143 0,25 0,517857142857 
CP_MS 0,0357142857143 0,125 0,464285714286 
CP_MSBM 0,0357142857143 0,0535714285714 0,267857142857 
CP_Qa 0,0178571428571 0,0714285714286 0,160714285714 
CP_Qm 0,0535714285714 0,0892857142857 0,267857142857 
CP_Qp 0,0535714285714 0,214285714286 0,535714285714 
CP_RMFCA 0,0892857142857 0,232142857143 0,446428571429 
CP_RMFCEN1 0,125 0,285714285714 0,535714285714 
CP_RMFCEN2 0,125 0,285714285714 0,535714285714 
CP_RO 0,0 0,107142857143 0,267857142857 
CP_SJKG 0,0178571428571 0,125 0,321428571429 
CP_SKOa 0,0357142857143 0,125 0,321428571429 
CP_SKOb 0,0178571428571 0,0892857142857 0,339285714286 
CP_SKOIP 0,0535714285714 0,160714285714 0,321428571429 
CP_TB 0,0714285714286 0,25 0,535714285714 
CP_TD 0,0535714285714 0,285714285714 0,464285714286 
CP_TEl 0,0892857142857 0,196428571429 0,339285714286 
CP_TEs 0,0178571428571 0,0357142857143 0,285714285714 
CP_TS 0,0892857142857 0,196428571429 0,535714285714 
CP_TSC 0,125 0,303571428571 0,607142857143 
CP_VD 0,107142857143 0,232142857143 0,410714285714 
CP_Z3DC_CB 0,0 0,0 0,0357142857143 
CP_Z3DC_MIN 0,0178571428571 0,0892857142857 0,285714285714 
CP_ZLOCAL_CB 0,0 0,0178571428571 0,0357142857143 
CP_ZLOCAL_MIN 0,0 0,0357142857143 0,142857142857 
CP_ZPAIR_CB 0,0 0,0178571428571 0,0892857142857 
CP_ZPAIR_MIN 0,0178571428571 0,0535714285714 0,107142857143 
CP_ZS3DC_CB 0,0178571428571 0,0714285714286 0,25 
CP_ZS3DC_MIN 0,0535714285714 0,160714285714 0,446428571429 
DESOLV 0,0714285714286 0,125 0,196428571429 
ELE 0,142857142857 0,267857142857 0,5 
ODA 0,0892857142857 0,178571428571 0,321428571429 
PROPNSTS 0,0 0,0178571428571 0,0714285714286 
PYDOCK_TOT 0,142857142857 0,285714285714 0,446428571429 
SIPPER 0,0 0,0 0,0 
VDW 0,0178571428571 0,232142857143 0,607142857143 

/gpfs/scratch/bsc54/bsc54563/Analisys_MI_BM4_BM5_METHOD_MIX 

pdb,list,flexibility,3 samples = 59

AP_calRW 0,0508474576271 0,152542372881 0,64406779661 
AP_calRWp 0,0338983050847 0,28813559322 0,576271186441 
AP_DARS 0,0169491525424 0,186440677966 0,338983050847 
AP_DCOMPLEX 0,135593220339 0,220338983051 0,491525423729 
AP_dDFIRE 0,118644067797 0,203389830508 0,406779661017 
AP_DFIRE2 0,0338983050847 0,186440677966 0,389830508475 
AP_DOPE 0,0169491525424 0,101694915254 0,305084745763 
AP_DOPE_HR 0,0677966101695 0,152542372881 0,389830508475 
AP_GOAP_ALL 0,0338983050847 0,0508474576271 0,203389830508 
AP_GOAP_DF 0,0338983050847 0,135593220339 0,406779661017 
AP_GOAP_G 0,0169491525424 0,0338983050847 0,0677966101695 
AP_MPS 0,0 0,0677966101695 0,220338983051 
AP_PISA 0,118644067797 0,338983050847 0,677966101695 
AP_T1 0,0677966101695 0,338983050847 0,559322033898 
AP_T2 0,0847457627119 0,322033898305 0,542372881356 
AP_URS 0,0847457627119 0,135593220339 0,457627118644 
AP_WENG 0,0338983050847 0,0338983050847 0,135593220339 
CP_BFKV 0,0847457627119 0,203389830508 0,423728813559 
CP_BL 0,0338983050847 0,186440677966 0,474576271186 
CP_BT 0,101694915254 0,28813559322 0,474576271186 
CP_DECK 0,0847457627119 0,237288135593 0,423728813559 
CP_E3D_CB 0,0508474576271 0,101694915254 0,389830508475 
CP_E3DC_CB 0,0169491525424 0,0847457627119 0,101694915254 
CP_E3DC_MIN 0,0169491525424 0,152542372881 0,406779661017 
CP_E3D_MIN 0,0338983050847 0,152542372881 0,423728813559 
CP_ELOCAL_CB 0,0169491525424 0,0847457627119 0,372881355932 
CP_ELOCAL_MIN 0,0677966101695 0,169491525424 0,457627118644 
CP_EPAIR_CB 0,0169491525424 0,0847457627119 0,237288135593 
CP_EPAIR_MIN 0,0338983050847 0,118644067797 0,372881355932 
CP_ES3DC_CB 0,0 0,0338983050847 0,152542372881 
CP_ES3DC_MIN 0,0338983050847 0,118644067797 0,440677966102 
CP_GKS 0,0169491525424 0,0847457627119 0,389830508475 
CP_HLPL 0,101694915254 0,305084745763 0,559322033898 
CP_MJ1 0,0169491525424 0,0847457627119 0,28813559322 
CP_MJ2 0,0169491525424 0,0847457627119 0,389830508475 
CP_MJ2h 0,0677966101695 0,152542372881 0,542372881356 
CP_MJ3h 0,0508474576271 0,169491525424 0,338983050847 
CP_MJPL 0,0677966101695 0,237288135593 0,491525423729 
CP_MS 0,0169491525424 0,0847457627119 0,423728813559 
CP_MSBM 0,0338983050847 0,0847457627119 0,28813559322 
CP_Qa 0,0169491525424 0,0508474576271 0,237288135593 
CP_Qm 0,0169491525424 0,0847457627119 0,305084745763 
CP_Qp 0,0677966101695 0,237288135593 0,576271186441 
CP_RMFCA 0,0677966101695 0,220338983051 0,508474576271 
CP_RMFCEN1 0,0508474576271 0,186440677966 0,525423728814 
CP_RMFCEN2 0,0677966101695 0,203389830508 0,525423728814 
CP_RO 0,0169491525424 0,118644067797 0,305084745763 
CP_SJKG 0,0169491525424 0,135593220339 0,305084745763 
CP_SKOa 0,0338983050847 0,152542372881 0,338983050847 
CP_SKOb 0,0508474576271 0,169491525424 0,457627118644 
CP_SKOIP 0,0677966101695 0,135593220339 0,440677966102 
CP_TB 0,0677966101695 0,220338983051 0,440677966102 
CP_TD 0,0847457627119 0,237288135593 0,474576271186 
CP_TEl 0,0847457627119 0,186440677966 0,423728813559 
CP_TEs 0,0338983050847 0,135593220339 0,440677966102 
CP_TS 0,0338983050847 0,186440677966 0,559322033898 
CP_TSC 0,101694915254 0,28813559322 0,593220338983 
CP_VD 0,0508474576271 0,101694915254 0,338983050847 
CP_Z3DC_CB 0,0 0,0 0,0677966101695 
CP_Z3DC_MIN 0,0 0,0508474576271 0,220338983051 
CP_ZLOCAL_CB 0,0 0,0 0,0847457627119 
CP_ZLOCAL_MIN 0,0 0,0169491525424 0,118644067797 
CP_ZPAIR_CB 0,0 0,0 0,0847457627119 
CP_ZPAIR_MIN 0,0169491525424 0,0508474576271 0,169491525424 
CP_ZS3DC_CB 0,0 0,0169491525424 0,135593220339 
CP_ZS3DC_MIN 0,0338983050847 0,169491525424 0,389830508475 
DESOLV 0,0 0,0338983050847 0,169491525424 
ELE 0,0677966101695 0,186440677966 0,372881355932 
ODA 0,0338983050847 0,135593220339 0,237288135593 
PROPNSTS 0,0 0,0169491525424 0,0677966101695 
PYDOCK_TOT 0,135593220339 0,152542372881 0,338983050847 
SIPPER 0,0 0,0 0,0508474576271 
VDW 0,0338983050847 0,169491525424 0,559322033898 

/gpfs/scratch/bsc54/bsc54563/Analisys_MI_BM4_BM5_METHOD_MIX 

pdb,list,flexibility,4 samples = 26

AP_calRW 0,0769230769231 0,153846153846 0,5 
AP_calRWp 0,0384615384615 0,153846153846 0,384615384615 
AP_DARS 0,0769230769231 0,192307692308 0,346153846154 
AP_DCOMPLEX 0,0 0,0384615384615 0,230769230769 
AP_dDFIRE 0,0 0,153846153846 0,346153846154 
AP_DFIRE2 0,0 0,0769230769231 0,307692307692 
AP_DOPE 0,0 0,0384615384615 0,153846153846 
AP_DOPE_HR 0,0 0,0 0,153846153846 
AP_GOAP_ALL 0,0 0,0769230769231 0,153846153846 
AP_GOAP_DF 0,0 0,0384615384615 0,192307692308 
AP_GOAP_G 0,0 0,0 0,115384615385 
AP_MPS 0,0384615384615 0,0769230769231 0,307692307692 
AP_PISA 0,115384615385 0,269230769231 0,538461538462 
AP_T1 0,0 0,192307692308 0,384615384615 
AP_T2 0,0384615384615 0,0769230769231 0,5 
AP_URS 0,0 0,115384615385 0,346153846154 
AP_WENG 0,0 0,0 0,115384615385 
CP_BFKV 0,0 0,153846153846 0,346153846154 
CP_BL 0,0 0,115384615385 0,230769230769 
CP_BT 0,0 0,192307692308 0,461538461538 
CP_DECK 0,153846153846 0,192307692308 0,384615384615 
CP_E3D_CB 0,0 0,0769230769231 0,384615384615 
CP_E3DC_CB 0,0 0,0384615384615 0,153846153846 
CP_E3DC_MIN 0,0 0,0769230769231 0,269230769231 
CP_E3D_MIN 0,0 0,0769230769231 0,384615384615 
CP_ELOCAL_CB 0,0 0,0769230769231 0,384615384615 
CP_ELOCAL_MIN 0,0 0,0769230769231 0,423076923077 
CP_EPAIR_CB 0,0384615384615 0,0769230769231 0,153846153846 
CP_EPAIR_MIN 0,0 0,0384615384615 0,192307692308 
CP_ES3DC_CB 0,0384615384615 0,115384615385 0,230769230769 
CP_ES3DC_MIN 0,0 0,0769230769231 0,269230769231 
CP_GKS 0,0 0,0 0,192307692308 
CP_HLPL 0,0769230769231 0,269230769231 0,5 
CP_MJ1 0,0 0,0769230769231 0,115384615385 
CP_MJ2 0,0 0,0384615384615 0,230769230769 
CP_MJ2h 0,0769230769231 0,192307692308 0,538461538462 
CP_MJ3h 0,0384615384615 0,192307692308 0,423076923077 
CP_MJPL 0,0769230769231 0,153846153846 0,423076923077 
CP_MS 0,0 0,0769230769231 0,307692307692 
CP_MSBM 0,0 0,0 0,230769230769 
CP_Qa 0,0384615384615 0,153846153846 0,269230769231 
CP_Qm 0,0769230769231 0,192307692308 0,307692307692 
CP_Qp 0,0384615384615 0,269230769231 0,423076923077 
CP_RMFCA 0,0769230769231 0,115384615385 0,461538461538 
CP_RMFCEN1 0,0384615384615 0,230769230769 0,461538461538 
CP_RMFCEN2 0,0384615384615 0,153846153846 0,5 
CP_RO 0,0 0,0384615384615 0,153846153846 
CP_SJKG 0,0384615384615 0,0769230769231 0,192307692308 
CP_SKOa 0,0384615384615 0,115384615385 0,192307692308 
CP_SKOb 0,0769230769231 0,153846153846 0,346153846154 
CP_SKOIP 0,0384615384615 0,192307692308 0,461538461538 
CP_TB 0,0769230769231 0,230769230769 0,423076923077 
CP_TD 0,0384615384615 0,153846153846 0,5 
CP_TEl 0,153846153846 0,192307692308 0,346153846154 
CP_TEs 0,0384615384615 0,153846153846 0,269230769231 
CP_TS 0,0384615384615 0,192307692308 0,5 
CP_TSC 0,0384615384615 0,230769230769 0,384615384615 
CP_VD 0,0 0,0384615384615 0,230769230769 
CP_Z3DC_CB 0,0384615384615 0,0384615384615 0,0384615384615 
CP_Z3DC_MIN 0,0 0,0 0,153846153846 
CP_ZLOCAL_CB 0,0 0,0 0,0384615384615 
CP_ZLOCAL_MIN 0,0 0,0 0,115384615385 
CP_ZPAIR_CB 0,0 0,0 0,0 
CP_ZPAIR_MIN 0,0 0,0 0,0384615384615 
CP_ZS3DC_CB 0,0384615384615 0,153846153846 0,153846153846 
CP_ZS3DC_MIN 0,0384615384615 0,0769230769231 0,230769230769 
DESOLV 0,0384615384615 0,115384615385 0,192307692308 
ELE 0,115384615385 0,115384615385 0,346153846154 
ODA 0,0 0,153846153846 0,230769230769 
PROPNSTS 0,0 0,0 0,0384615384615 
PYDOCK_TOT 0,0384615384615 0,153846153846 0,269230769231 
SIPPER 0,0 0,0 0,0 
VDW 0,0 0,0 0,192307692308 

/gpfs/scratch/bsc54/bsc54563/Analisys_MI_BM4_BM5_METHOD_MIX 

pdb,list,flexibility,5 samples = 11

AP_calRW 0,0 0,0 0,0 
AP_calRWp 0,0 0,0 0,0909090909091 
AP_DARS 0,0909090909091 0,0909090909091 0,181818181818 
AP_DCOMPLEX 0,0 0,0 0,0 
AP_dDFIRE 0,0 0,0 0,0 
AP_DFIRE2 0,0 0,0 0,0 
AP_DOPE 0,0 0,0 0,0 
AP_DOPE_HR 0,0 0,0 0,0909090909091 
AP_GOAP_ALL 0,0 0,0 0,0 
AP_GOAP_DF 0,0 0,0 0,0 
AP_GOAP_G 0,0 0,0 0,0 
AP_MPS 0,0 0,0 0,0909090909091 
AP_PISA 0,0 0,0 0,0 
AP_T1 0,0 0,0 0,0909090909091 
AP_T2 0,0 0,0 0,0909090909091 
AP_URS 0,0 0,0 0,0 
AP_WENG 0,0 0,0 0,0909090909091 
CP_BFKV 0,0 0,0909090909091 0,181818181818 
CP_BL 0,0 0,0909090909091 0,0909090909091 
CP_BT 0,0 0,0 0,181818181818 
CP_DECK 0,0 0,0 0,0909090909091 
CP_E3D_CB 0,0 0,0 0,0 
CP_E3DC_CB 0,0 0,0 0,0 
CP_E3DC_MIN 0,0 0,0 0,181818181818 
CP_E3D_MIN 0,0 0,0 0,0 
CP_ELOCAL_CB 0,0 0,0 0,0 
CP_ELOCAL_MIN 0,0 0,0 0,0 
CP_EPAIR_CB 0,0 0,0 0,0 
CP_EPAIR_MIN 0,0 0,0 0,0 
CP_ES3DC_CB 0,0 0,0 0,0 
CP_ES3DC_MIN 0,0 0,0 0,0909090909091 
CP_GKS 0,0 0,0 0,0 
CP_HLPL 0,0 0,0 0,0909090909091 
CP_MJ1 0,0 0,0 0,0909090909091 
CP_MJ2 0,0 0,0 0,0909090909091 
CP_MJ2h 0,0 0,0 0,0 
CP_MJ3h 0,0 0,0909090909091 0,0909090909091 
CP_MJPL 0,0 0,0 0,0 
CP_MS 0,0 0,0 0,0 
CP_MSBM 0,0 0,0 0,0 
CP_Qa 0,0 0,0 0,0909090909091 
CP_Qm 0,0 0,0 0,0 
CP_Qp 0,0 0,0 0,0909090909091 
CP_RMFCA 0,0 0,0 0,0 
CP_RMFCEN1 0,0 0,0 0,0 
CP_RMFCEN2 0,0 0,0 0,0 
CP_RO 0,0 0,0 0,0 
CP_SJKG 0,0 0,0909090909091 0,0909090909091 
CP_SKOa 0,0 0,0909090909091 0,0909090909091 
CP_SKOb 0,0 0,0 0,0909090909091 
CP_SKOIP 0,0 0,0 0,0909090909091 
CP_TB 0,0 0,0909090909091 0,0909090909091 
CP_TD 0,0 0,0909090909091 0,0909090909091 
CP_TEl 0,0909090909091 0,0909090909091 0,0909090909091 
CP_TEs 0,0 0,0 0,0909090909091 
CP_TS 0,0 0,0 0,0 
CP_TSC 0,0 0,0 0,272727272727 
CP_VD 0,0 0,0 0,0909090909091 
CP_Z3DC_CB 0,0 0,0 0,0 
CP_Z3DC_MIN 0,0 0,0 0,0909090909091 
CP_ZLOCAL_CB 0,0 0,0 0,0 
CP_ZLOCAL_MIN 0,0 0,0 0,0 
CP_ZPAIR_CB 0,0 0,0 0,0 
CP_ZPAIR_MIN 0,0 0,0 0,0 
CP_ZS3DC_CB 0,0 0,0 0,0 
CP_ZS3DC_MIN 0,0 0,0 0,0909090909091 
DESOLV 0,0 0,0909090909091 0,0909090909091 
ELE 0,0 0,0 0,0 
ODA 0,0 0,0 0,0 
PROPNSTS 0,0 0,0 0,0 
PYDOCK_TOT 0,0 0,0 0,0 
SIPPER 0,0 0,0 0,0 
VDW 0,0 0,0 0,0 

/gpfs/scratch/bsc54/bsc54563/Analisys_MI_BM4_BM5_METHOD_MIX 

pdb,list samples = 176

AP_calRW 0,0454545454545 0,170454545455 0,545454545455 
AP_calRWp 0,0454545454545 0,238636363636 0,539772727273 
AP_DARS 0,0625 0,153409090909 0,306818181818 
AP_DCOMPLEX 0,113636363636 0,227272727273 0,494318181818 
AP_dDFIRE 0,0909090909091 0,221590909091 0,409090909091 
AP_DFIRE2 0,0454545454545 0,142045454545 0,380681818182 
AP_DOPE 0,0397727272727 0,102272727273 0,272727272727 
AP_DOPE_HR 0,0511363636364 0,142045454545 0,363636363636 
AP_GOAP_ALL 0,0227272727273 0,0454545454545 0,164772727273 
AP_GOAP_DF 0,0625 0,147727272727 0,352272727273 
AP_GOAP_G 0,0113636363636 0,0227272727273 0,0965909090909 
AP_MPS 0,0340909090909 0,113636363636 0,255681818182 
AP_PISA 0,107954545455 0,340909090909 0,579545454545 
AP_T1 0,0738636363636 0,3125 0,534090909091 
AP_T2 0,102272727273 0,284090909091 0,528409090909 
AP_URS 0,0454545454545 0,153409090909 0,403409090909 
AP_WENG 0,0227272727273 0,0284090909091 0,119318181818 
CP_BFKV 0,0511363636364 0,159090909091 0,375 
CP_BL 0,0227272727273 0,170454545455 0,380681818182 
CP_BT 0,0454545454545 0,238636363636 0,4375 
CP_DECK 0,142045454545 0,232954545455 0,397727272727 
CP_E3D_CB 0,0511363636364 0,125 0,375 
CP_E3DC_CB 0,00568181818182 0,0568181818182 0,136363636364 
CP_E3DC_MIN 0,0340909090909 0,159090909091 0,375 
CP_E3D_MIN 0,0568181818182 0,176136363636 0,443181818182 
CP_ELOCAL_CB 0,0340909090909 0,125 0,363636363636 
CP_ELOCAL_MIN 0,0681818181818 0,164772727273 0,448863636364 
CP_EPAIR_CB 0,0511363636364 0,0965909090909 0,232954545455 
CP_EPAIR_MIN 0,0454545454545 0,147727272727 0,369318181818 
CP_ES3DC_CB 0,0170454545455 0,0738636363636 0,193181818182 
CP_ES3DC_MIN 0,0284090909091 0,136363636364 0,392045454545 
CP_GKS 0,0113636363636 0,0511363636364 0,3125 
CP_HLPL 0,0852272727273 0,25 0,505681818182 
CP_MJ1 0,0113636363636 0,0738636363636 0,238636363636 
CP_MJ2 0,00568181818182 0,0511363636364 0,306818181818 
CP_MJ2h 0,0681818181818 0,204545454545 0,511363636364 
CP_MJ3h 0,0511363636364 0,181818181818 0,369318181818 
CP_MJPL 0,0738636363636 0,210227272727 0,471590909091 
CP_MS 0,0170454545455 0,102272727273 0,380681818182 
CP_MSBM 0,0397727272727 0,0738636363636 0,267045454545 
CP_Qa 0,0170454545455 0,0738636363636 0,204545454545 
CP_Qm 0,0454545454545 0,107954545455 0,267045454545 
CP_Qp 0,0568181818182 0,215909090909 0,5 
CP_RMFCA 0,0681818181818 0,198863636364 0,448863636364 
CP_RMFCEN1 0,0681818181818 0,227272727273 0,5 
CP_RMFCEN2 0,0795454545455 0,210227272727 0,505681818182 
CP_RO 0,00568181818182 0,0852272727273 0,255681818182 
CP_SJKG 0,0170454545455 0,102272727273 0,255681818182 
CP_SKOa 0,0284090909091 0,125 0,272727272727 
CP_SKOb 0,0340909090909 0,130681818182 0,369318181818 
CP_SKOIP 0,0511363636364 0,147727272727 0,386363636364 
CP_TB 0,0738636363636 0,238636363636 0,488636363636 
CP_TD 0,0568181818182 0,221590909091 0,465909090909 
CP_TEl 0,0965909090909 0,193181818182 0,375 
CP_TEs 0,0227272727273 0,0795454545455 0,323863636364 
CP_TS 0,0568181818182 0,193181818182 0,517045454545 
CP_TSC 0,0909090909091 0,295454545455 0,568181818182 
CP_VD 0,0568181818182 0,136363636364 0,346590909091 
CP_Z3DC_CB 0,00568181818182 0,00568181818182 0,0454545454545 
CP_Z3DC_MIN 0,00568181818182 0,0568181818182 0,210227272727 
CP_ZLOCAL_CB 0,0 0,0113636363636 0,0511363636364 
CP_ZLOCAL_MIN 0,0 0,0170454545455 0,107954545455 
CP_ZPAIR_CB 0,0 0,00568181818182 0,0568181818182 
CP_ZPAIR_MIN 0,0113636363636 0,0340909090909 0,102272727273 
CP_ZS3DC_CB 0,0170454545455 0,0568181818182 0,164772727273 
CP_ZS3DC_MIN 0,0397727272727 0,147727272727 0,369318181818 
DESOLV 0,0454545454545 0,0965909090909 0,193181818182 
ELE 0,0909090909091 0,1875 0,414772727273 
ODA 0,0568181818182 0,159090909091 0,261363636364 
PROPNSTS 0,0 0,0113636363636 0,0511363636364 
PYDOCK_TOT 0,107954545455 0,210227272727 0,369318181818 
SIPPER 0,0 0,0 0,0170454545455 
VDW 0,0340909090909 0,176136363636 0,494318181818 

/gpfs/scratch/bsc54/bsc54563/Analisys_MI_BM4_BM5_METHOD_MIX 

pdb,list,flexibility,1,BM5 samples = 7

AP_calRW 0,142857142857 0,142857142857 0,714285714286 
AP_calRWp 0,142857142857 0,571428571429 0,571428571429 
AP_DARS 0,0 0,0 0,142857142857 
AP_DCOMPLEX 0,285714285714 0,428571428571 0,571428571429 
AP_dDFIRE 0,142857142857 0,142857142857 0,285714285714 
AP_DFIRE2 0,0 0,142857142857 0,428571428571 
AP_DOPE 0,142857142857 0,142857142857 0,571428571429 
AP_DOPE_HR 0,285714285714 0,428571428571 0,571428571429 
AP_GOAP_ALL 0,0 0,0 0,285714285714 
AP_GOAP_DF 0,0 0,142857142857 0,285714285714 
AP_GOAP_G 0,0 0,0 0,142857142857 
AP_MPS 0,285714285714 0,285714285714 0,285714285714 
AP_PISA 0,0 0,285714285714 0,571428571429 
AP_T1 0,285714285714 0,428571428571 0,714285714286 
AP_T2 0,142857142857 0,285714285714 0,714285714286 
AP_URS 0,142857142857 0,142857142857 0,428571428571 
AP_WENG 0,142857142857 0,142857142857 0,285714285714 
CP_BFKV 0,142857142857 0,142857142857 0,571428571429 
CP_BL 0,142857142857 0,428571428571 0,714285714286 
CP_BT 0,428571428571 0,428571428571 0,714285714286 
CP_DECK 0,0 0,0 0,0 
CP_E3D_CB 0,142857142857 0,142857142857 0,142857142857 
CP_E3DC_CB 0,0 0,0 0,142857142857 
CP_E3DC_MIN 0,0 0,0 0,142857142857 
CP_E3D_MIN 0,0 0,0 0,285714285714 
CP_ELOCAL_CB 0,0 0,142857142857 0,142857142857 
CP_ELOCAL_MIN 0,0 0,0 0,285714285714 
CP_EPAIR_CB 0,0 0,142857142857 0,142857142857 
CP_EPAIR_MIN 0,0 0,0 0,285714285714 
CP_ES3DC_CB 0,0 0,0 0,0 
CP_ES3DC_MIN 0,0 0,142857142857 0,571428571429 
CP_GKS 0,0 0,428571428571 0,571428571429 
CP_HLPL 0,142857142857 0,285714285714 0,571428571429 
CP_MJ1 0,285714285714 0,428571428571 0,714285714286 
CP_MJ2 0,285714285714 0,285714285714 0,571428571429 
CP_MJ2h 0,0 0,142857142857 0,142857142857 
CP_MJ3h 0,0 0,0 0,428571428571 
CP_MJPL 0,142857142857 0,142857142857 0,428571428571 
CP_MS 0,285714285714 0,428571428571 0,714285714286 
CP_MSBM 0,0 0,0 0,142857142857 
CP_Qa 0,0 0,0 0,142857142857 
CP_Qm 0,0 0,0 0,285714285714 
CP_Qp 0,142857142857 0,142857142857 0,571428571429 
CP_RMFCA 0,0 0,0 0,285714285714 
CP_RMFCEN1 0,142857142857 0,142857142857 0,428571428571 
CP_RMFCEN2 0,0 0,142857142857 0,428571428571 
CP_RO 0,0 0,142857142857 0,428571428571 
CP_SJKG 0,0 0,285714285714 0,571428571429 
CP_SKOa 0,0 0,285714285714 0,571428571429 
CP_SKOb 0,0 0,142857142857 0,285714285714 
CP_SKOIP 0,0 0,0 0,142857142857 
CP_TB 0,142857142857 0,428571428571 0,571428571429 
CP_TD 0,0 0,0 0,142857142857 
CP_TEl 0,0 0,285714285714 0,285714285714 
CP_TEs 0,0 0,0 0,428571428571 
CP_TS 0,0 0,142857142857 0,142857142857 
CP_TSC 0,142857142857 0,285714285714 0,428571428571 
CP_VD 0,142857142857 0,571428571429 0,571428571429 
CP_Z3DC_CB 0,0 0,0 0,142857142857 
CP_Z3DC_MIN 0,0 0,0 0,142857142857 
CP_ZLOCAL_CB 0,0 0,142857142857 0,142857142857 
CP_ZLOCAL_MIN 0,0 0,142857142857 0,428571428571 
CP_ZPAIR_CB 0,0 0,0 0,0 
CP_ZPAIR_MIN 0,0 0,0 0,285714285714 
CP_ZS3DC_CB 0,0 0,0 0,0 
CP_ZS3DC_MIN 0,142857142857 0,142857142857 0,714285714286 
DESOLV 0,0 0,0 0,142857142857 
ELE 0,285714285714 0,571428571429 0,571428571429 
ODA 0,0 0,0 0,0 
PROPNSTS 0,0 0,0 0,0 
PYDOCK_TOT 0,142857142857 0,285714285714 0,285714285714 
SIPPER 0,0 0,0 0,0 
VDW 0,0 0,285714285714 0,428571428571 

/gpfs/scratch/bsc54/bsc54563/Analisys_MI_BM4_BM5_METHOD_MIX 

pdb,list,flexibility,2,BM5 samples = 20

AP_calRW 0,0 0,2 0,6 
AP_calRWp 0,05 0,15 0,55 
AP_DARS 0,0 0,25 0,35 
AP_DCOMPLEX 0,05 0,1 0,6 
AP_dDFIRE 0,0 0,05 0,3 
AP_DFIRE2 0,0 0,1 0,4 
AP_DOPE 0,0 0,0 0,2 
AP_DOPE_HR 0,0 0,0 0,55 
AP_GOAP_ALL 0,0 0,05 0,1 
AP_GOAP_DF 0,0 0,1 0,25 
AP_GOAP_G 0,0 0,0 0,05 
AP_MPS 0,05 0,2 0,35 
AP_PISA 0,05 0,25 0,5 
AP_T1 0,1 0,4 0,55 
AP_T2 0,1 0,45 0,6 
AP_URS 0,05 0,15 0,45 
AP_WENG 0,0 0,0 0,05 
CP_BFKV 0,05 0,1 0,35 
CP_BL 0,05 0,15 0,25 
CP_BT 0,1 0,25 0,4 
CP_DECK 0,0 0,0 0,15 
CP_E3D_CB 0,05 0,1 0,35 
CP_E3DC_CB 0,0 0,05 0,1 
CP_E3DC_MIN 0,0 0,1 0,15 
CP_E3D_MIN 0,05 0,2 0,45 
CP_ELOCAL_CB 0,0 0,1 0,35 
CP_ELOCAL_MIN 0,0 0,15 0,45 
CP_EPAIR_CB 0,0 0,15 0,25 
CP_EPAIR_MIN 0,15 0,2 0,5 
CP_ES3DC_CB 0,0 0,05 0,1 
CP_ES3DC_MIN 0,0 0,15 0,3 
CP_GKS 0,0 0,05 0,45 
CP_HLPL 0,05 0,2 0,5 
CP_MJ1 0,0 0,15 0,4 
CP_MJ2 0,0 0,0 0,5 
CP_MJ2h 0,05 0,1 0,4 
CP_MJ3h 0,05 0,25 0,3 
CP_MJPL 0,15 0,15 0,4 
CP_MS 0,0 0,15 0,4 
CP_MSBM 0,0 0,05 0,25 
CP_Qa 0,0 0,05 0,3 
CP_Qm 0,1 0,2 0,2 
CP_Qp 0,05 0,15 0,5 
CP_RMFCA 0,0 0,05 0,4 
CP_RMFCEN1 0,0 0,25 0,55 
CP_RMFCEN2 0,0 0,2 0,5 
CP_RO 0,05 0,1 0,2 
CP_SJKG 0,1 0,25 0,4 
CP_SKOa 0,05 0,25 0,35 
CP_SKOb 0,1 0,1 0,3 
CP_SKOIP 0,05 0,15 0,35 
CP_TB 0,05 0,3 0,65 
CP_TD 0,0 0,15 0,4 
CP_TEl 0,0 0,05 0,2 
CP_TEs 0,0 0,1 0,25 
CP_TS 0,05 0,15 0,45 
CP_TSC 0,05 0,2 0,6 
CP_VD 0,05 0,15 0,35 
CP_Z3DC_CB 0,0 0,0 0,05 
CP_Z3DC_MIN 0,0 0,0 0,2 
CP_ZLOCAL_CB 0,0 0,0 0,05 
CP_ZLOCAL_MIN 0,0 0,05 0,05 
CP_ZPAIR_CB 0,0 0,0 0,2 
CP_ZPAIR_MIN 0,0 0,05 0,15 
CP_ZS3DC_CB 0,0 0,05 0,15 
CP_ZS3DC_MIN 0,0 0,1 0,2 
DESOLV 0,05 0,1 0,15 
ELE 0,05 0,2 0,65 
ODA 0,0 0,0 0,1 
PROPNSTS 0,0 0,0 0,05 
PYDOCK_TOT 0,2 0,25 0,35 
SIPPER 0,0 0,0 0,0 
VDW 0,0 0,15 0,45 

/gpfs/scratch/bsc54/bsc54563/Analisys_MI_BM4_BM5_METHOD_MIX 

pdb,list,flexibility,3,BM5 samples = 19

AP_calRW 0,0 0,105263157895 0,421052631579 
AP_calRWp 0,0 0,0526315789474 0,421052631579 
AP_DARS 0,0 0,157894736842 0,315789473684 
AP_DCOMPLEX 0,0526315789474 0,105263157895 0,473684210526 
AP_dDFIRE 0,0 0,0526315789474 0,315789473684 
AP_DFIRE2 0,0526315789474 0,0526315789474 0,105263157895 
AP_DOPE 0,0 0,0 0,105263157895 
AP_DOPE_HR 0,0 0,0526315789474 0,263157894737 
AP_GOAP_ALL 0,0526315789474 0,105263157895 0,105263157895 
AP_GOAP_DF 0,0526315789474 0,0526315789474 0,210526315789 
AP_GOAP_G 0,0 0,0 0,105263157895 
AP_MPS 0,0526315789474 0,105263157895 0,210526315789 
AP_PISA 0,0526315789474 0,105263157895 0,421052631579 
AP_T1 0,0526315789474 0,105263157895 0,368421052632 
AP_T2 0,0 0,0526315789474 0,315789473684 
AP_URS 0,0 0,0 0,210526315789 
AP_WENG 0,0 0,0 0,0526315789474 
CP_BFKV 0,105263157895 0,157894736842 0,263157894737 
CP_BL 0,105263157895 0,157894736842 0,315789473684 
CP_BT 0,0526315789474 0,157894736842 0,263157894737 
CP_DECK 0,0526315789474 0,105263157895 0,315789473684 
CP_E3D_CB 0,0 0,0526315789474 0,157894736842 
CP_E3DC_CB 0,0 0,0 0,0526315789474 
CP_E3DC_MIN 0,0526315789474 0,210526315789 0,263157894737 
CP_E3D_MIN 0,0526315789474 0,157894736842 0,315789473684 
CP_ELOCAL_CB 0,0 0,0526315789474 0,105263157895 
CP_ELOCAL_MIN 0,0 0,0526315789474 0,315789473684 
CP_EPAIR_CB 0,0 0,0526315789474 0,157894736842 
CP_EPAIR_MIN 0,105263157895 0,105263157895 0,315789473684 
CP_ES3DC_CB 0,0 0,0 0,105263157895 
CP_ES3DC_MIN 0,105263157895 0,157894736842 0,210526315789 
CP_GKS 0,0526315789474 0,0526315789474 0,105263157895 
CP_HLPL 0,157894736842 0,210526315789 0,315789473684 
CP_MJ1 0,0 0,0526315789474 0,210526315789 
CP_MJ2 0,0526315789474 0,157894736842 0,157894736842 
CP_MJ2h 0,0526315789474 0,105263157895 0,263157894737 
CP_MJ3h 0,0526315789474 0,105263157895 0,315789473684 
CP_MJPL 0,0 0,105263157895 0,263157894737 
CP_MS 0,0 0,0526315789474 0,105263157895 
CP_MSBM 0,0526315789474 0,105263157895 0,157894736842 
CP_Qa 0,0 0,0 0,315789473684 
CP_Qm 0,0 0,105263157895 0,157894736842 
CP_Qp 0,0 0,157894736842 0,263157894737 
CP_RMFCA 0,0 0,157894736842 0,210526315789 
CP_RMFCEN1 0,0526315789474 0,0526315789474 0,263157894737 
CP_RMFCEN2 0,0 0,105263157895 0,210526315789 
CP_RO 0,0 0,0 0,157894736842 
CP_SJKG 0,0 0,0 0,157894736842 
CP_SKOa 0,0 0,0526315789474 0,157894736842 
CP_SKOb 0,0 0,0526315789474 0,210526315789 
CP_SKOIP 0,0 0,0526315789474 0,105263157895 
CP_TB 0,0526315789474 0,210526315789 0,315789473684 
CP_TD 0,0526315789474 0,210526315789 0,315789473684 
CP_TEl 0,0 0,0526315789474 0,263157894737 
CP_TEs 0,0 0,0 0,0526315789474 
CP_TS 0,0 0,105263157895 0,263157894737 
CP_TSC 0,105263157895 0,157894736842 0,157894736842 
CP_VD 0,0526315789474 0,105263157895 0,157894736842 
CP_Z3DC_CB 0,0 0,0 0,0 
CP_Z3DC_MIN 0,0 0,0 0,157894736842 
CP_ZLOCAL_CB 0,0 0,0 0,0 
CP_ZLOCAL_MIN 0,0 0,0 0,0526315789474 
CP_ZPAIR_CB 0,0 0,0526315789474 0,0526315789474 
CP_ZPAIR_MIN 0,0 0,0526315789474 0,157894736842 
CP_ZS3DC_CB 0,0 0,0 0,0526315789474 
CP_ZS3DC_MIN 0,0 0,157894736842 0,210526315789 
DESOLV 0,0 0,0 0,0526315789474 
ELE 0,0526315789474 0,157894736842 0,263157894737 
ODA 0,0 0,0 0,210526315789 
PROPNSTS 0,0 0,0 0,105263157895 
PYDOCK_TOT 0,157894736842 0,263157894737 0,473684210526 
SIPPER 0,0 0,0526315789474 0,157894736842 
VDW 0,0 0,0526315789474 0,315789473684 

/gpfs/scratch/bsc54/bsc54563/Analisys_MI_BM4_BM5_METHOD_MIX 

pdb,list,flexibility,4,BM5 samples = 4

AP_calRW 0,0 0,0 0,0 
AP_calRWp 0,0 0,25 0,25 
AP_DARS 0,0 0,0 0,25 
AP_DCOMPLEX 0,0 0,25 0,5 
AP_dDFIRE 0,0 0,0 0,5 
AP_DFIRE2 0,0 0,0 0,5 
AP_DOPE 0,25 0,25 0,25 
AP_DOPE_HR 0,0 0,0 0,5 
AP_GOAP_ALL 0,0 0,0 0,0 
AP_GOAP_DF 0,0 0,0 0,25 
AP_GOAP_G 0,0 0,0 0,0 
AP_MPS 0,0 0,25 0,25 
AP_PISA 0,0 0,25 0,25 
AP_T1 0,0 0,0 0,25 
AP_T2 0,0 0,25 0,5 
AP_URS 0,0 0,0 0,25 
AP_WENG 0,0 0,0 0,0 
CP_BFKV 0,0 0,25 0,75 
CP_BL 0,0 0,0 0,25 
CP_BT 0,0 0,0 0,75 
CP_DECK 0,0 0,0 0,25 
CP_E3D_CB 0,0 0,0 0,25 
CP_E3DC_CB 0,0 0,0 0,0 
CP_E3DC_MIN 0,0 0,0 0,25 
CP_E3D_MIN 0,0 0,25 0,25 
CP_ELOCAL_CB 0,0 0,0 0,25 
CP_ELOCAL_MIN 0,0 0,0 0,25 
CP_EPAIR_CB 0,0 0,0 0,0 
CP_EPAIR_MIN 0,0 0,0 0,0 
CP_ES3DC_CB 0,0 0,0 0,0 
CP_ES3DC_MIN 0,0 0,0 0,25 
CP_GKS 0,0 0,0 0,0 
CP_HLPL 0,25 0,25 0,5 
CP_MJ1 0,0 0,0 0,0 
CP_MJ2 0,0 0,0 0,25 
CP_MJ2h 0,0 0,25 0,25 
CP_MJ3h 0,0 0,0 0,5 
CP_MJPL 0,0 0,25 0,25 
CP_MS 0,0 0,0 0,25 
CP_MSBM 0,0 0,0 0,0 
CP_Qa 0,0 0,0 0,25 
CP_Qm 0,0 0,0 0,5 
CP_Qp 0,0 0,25 0,5 
CP_RMFCA 0,0 0,0 0,5 
CP_RMFCEN1 0,0 0,0 0,25 
CP_RMFCEN2 0,0 0,0 0,25 
CP_RO 0,0 0,0 0,0 
CP_SJKG 0,0 0,0 0,5 
CP_SKOa 0,0 0,25 0,5 
CP_SKOb 0,0 0,0 0,25 
CP_SKOIP 0,0 0,0 0,5 
CP_TB 0,0 0,0 0,0 
CP_TD 0,0 0,0 0,25 
CP_TEl 0,0 0,0 0,75 
CP_TEs 0,0 0,0 0,25 
CP_TS 0,25 0,25 0,25 
CP_TSC 0,0 0,0 0,25 
CP_VD 0,0 0,0 0,5 
CP_Z3DC_CB 0,0 0,0 0,0 
CP_Z3DC_MIN 0,0 0,25 0,25 
CP_ZLOCAL_CB 0,0 0,0 0,0 
CP_ZLOCAL_MIN 0,0 0,0 0,0 
CP_ZPAIR_CB 0,0 0,0 0,0 
CP_ZPAIR_MIN 0,0 0,0 0,0 
CP_ZS3DC_CB 0,0 0,0 0,25 
CP_ZS3DC_MIN 0,0 0,25 0,25 
DESOLV 0,0 0,0 0,0 
ELE 0,0 0,25 0,25 
ODA 0,0 0,0 0,0 
PROPNSTS 0,0 0,0 0,25 
PYDOCK_TOT 0,0 0,0 0,0 
SIPPER 0,0 0,0 0,0 
VDW 0,0 0,0 0,0 

/gpfs/scratch/bsc54/bsc54563/Analisys_MI_BM4_BM5_METHOD_MIX 

pdb,list,flexibility,5,BM5 samples = 5

AP_calRW 0,0 0,0 0,2 
AP_calRWp 0,0 0,0 0,0 
AP_DARS 0,0 0,0 0,0 
AP_DCOMPLEX 0,0 0,0 0,4 
AP_dDFIRE 0,0 0,0 0,4 
AP_DFIRE2 0,0 0,0 0,2 
AP_DOPE 0,0 0,0 0,0 
AP_DOPE_HR 0,0 0,0 0,2 
AP_GOAP_ALL 0,0 0,0 0,2 
AP_GOAP_DF 0,0 0,0 0,0 
AP_GOAP_G 0,0 0,0 0,0 
AP_MPS 0,0 0,0 0,0 
AP_PISA 0,0 0,0 0,0 
AP_T1 0,0 0,2 0,4 
AP_T2 0,0 0,2 0,4 
AP_URS 0,0 0,0 0,0 
AP_WENG 0,0 0,0 0,0 
CP_BFKV 0,0 0,0 0,2 
CP_BL 0,0 0,0 0,2 
CP_BT 0,0 0,0 0,0 
CP_DECK 0,0 0,0 0,0 
CP_E3D_CB 0,0 0,0 0,2 
CP_E3DC_CB 0,0 0,0 0,4 
CP_E3DC_MIN 0,0 0,0 0,0 
CP_E3D_MIN 0,0 0,0 0,2 
CP_ELOCAL_CB 0,0 0,0 0,2 
CP_ELOCAL_MIN 0,0 0,0 0,2 
CP_EPAIR_CB 0,0 0,0 0,2 
CP_EPAIR_MIN 0,0 0,2 0,2 
CP_ES3DC_CB 0,0 0,0 0,0 
CP_ES3DC_MIN 0,0 0,0 0,0 
CP_GKS 0,0 0,0 0,0 
CP_HLPL 0,0 0,0 0,2 
CP_MJ1 0,0 0,0 0,0 
CP_MJ2 0,0 0,0 0,2 
CP_MJ2h 0,0 0,0 0,2 
CP_MJ3h 0,0 0,0 0,0 
CP_MJPL 0,0 0,2 0,2 
CP_MS 0,0 0,0 0,0 
CP_MSBM 0,0 0,0 0,0 
CP_Qa 0,0 0,0 0,0 
CP_Qm 0,0 0,0 0,0 
CP_Qp 0,0 0,2 0,2 
CP_RMFCA 0,0 0,0 0,2 
CP_RMFCEN1 0,0 0,0 0,2 
CP_RMFCEN2 0,0 0,0 0,0 
CP_RO 0,0 0,0 0,0 
CP_SJKG 0,0 0,0 0,0 
CP_SKOa 0,0 0,0 0,0 
CP_SKOb 0,0 0,0 0,0 
CP_SKOIP 0,0 0,0 0,0 
CP_TB 0,0 0,0 0,0 
CP_TD 0,0 0,0 0,0 
CP_TEl 0,0 0,0 0,0 
CP_TEs 0,0 0,0 0,0 
CP_TS 0,0 0,2 0,2 
CP_TSC 0,0 0,0 0,0 
CP_VD 0,0 0,0 0,2 
CP_Z3DC_CB 0,0 0,0 0,0 
CP_Z3DC_MIN 0,0 0,0 0,0 
CP_ZLOCAL_CB 0,0 0,0 0,0 
CP_ZLOCAL_MIN 0,0 0,0 0,0 
CP_ZPAIR_CB 0,0 0,0 0,0 
CP_ZPAIR_MIN 0,0 0,0 0,0 
CP_ZS3DC_CB 0,0 0,0 0,0 
CP_ZS3DC_MIN 0,0 0,0 0,0 
DESOLV 0,0 0,0 0,0 
ELE 0,0 0,0 0,0 
ODA 0,0 0,0 0,0 
PROPNSTS 0,0 0,0 0,0 
PYDOCK_TOT 0,0 0,0 0,0 
SIPPER 0,0 0,0 0,0 
VDW 0,0 0,0 0,2 

/gpfs/scratch/bsc54/bsc54563/Analisys_MI_BM4_BM5_METHOD_MIX 

pdb,list,BM5 samples = 55

AP_calRW 0,0181818181818 0,0909090909091 0,454545454545 
AP_calRWp 0,0363636363636 0,163636363636 0,418181818182 
AP_DARS 0,0 0,145454545455 0,272727272727 
AP_DCOMPLEX 0,0727272727273 0,163636363636 0,509090909091 
AP_dDFIRE 0,0181818181818 0,0545454545455 0,327272727273 
AP_DFIRE2 0,0181818181818 0,0727272727273 0,309090909091 
AP_DOPE 0,0363636363636 0,0545454545455 0,218181818182 
AP_DOPE_HR 0,0545454545455 0,0909090909091 0,4 
AP_GOAP_ALL 0,0181818181818 0,0545454545455 0,127272727273 
AP_GOAP_DF 0,0181818181818 0,0727272727273 0,236363636364 
AP_GOAP_G 0,0 0,0 0,0727272727273 
AP_MPS 0,0727272727273 0,163636363636 0,272727272727 
AP_PISA 0,0363636363636 0,181818181818 0,418181818182 
AP_T1 0,0909090909091 0,218181818182 0,436363636364 
AP_T2 0,0545454545455 0,218181818182 0,454545454545 
AP_URS 0,0363636363636 0,0727272727273 0,272727272727 
AP_WENG 0,0181818181818 0,0181818181818 0,0909090909091 
CP_BFKV 0,0727272727273 0,127272727273 0,363636363636 
CP_BL 0,0727272727273 0,163636363636 0,345454545455 
CP_BT 0,109090909091 0,2 0,381818181818 
CP_DECK 0,0181818181818 0,0363636363636 0,2 
CP_E3D_CB 0,0363636363636 0,0727272727273 0,236363636364 
CP_E3DC_CB 0,0 0,0181818181818 0,109090909091 
CP_E3DC_MIN 0,0181818181818 0,109090909091 0,181818181818 
CP_E3D_MIN 0,0363636363636 0,109090909091 0,327272727273 
CP_ELOCAL_CB 0,0 0,0727272727273 0,218181818182 
CP_ELOCAL_MIN 0,0 0,0727272727273 0,327272727273 
CP_EPAIR_CB 0,0 0,0545454545455 0,145454545455 
CP_EPAIR_MIN 0,0545454545455 0,0909090909091 0,309090909091 
CP_ES3DC_CB 0,0 0,0181818181818 0,0727272727273 
CP_ES3DC_MIN 0,0363636363636 0,127272727273 0,272727272727 
CP_GKS 0,0181818181818 0,0909090909091 0,236363636364 
CP_HLPL 0,109090909091 0,2 0,4 
CP_MJ1 0,0363636363636 0,127272727273 0,272727272727 
CP_MJ2 0,0545454545455 0,0909090909091 0,309090909091 
CP_MJ2h 0,0363636363636 0,109090909091 0,290909090909 
CP_MJ3h 0,0363636363636 0,127272727273 0,309090909091 
CP_MJPL 0,0727272727273 0,145454545455 0,309090909091 
CP_MS 0,0363636363636 0,127272727273 0,254545454545 
CP_MSBM 0,0181818181818 0,0545454545455 0,163636363636 
CP_Qa 0,0 0,0181818181818 0,218181818182 
CP_Qm 0,0363636363636 0,109090909091 0,2 
CP_Qp 0,0363636363636 0,163636363636 0,381818181818 
CP_RMFCA 0,0 0,0727272727273 0,290909090909 
CP_RMFCEN1 0,0363636363636 0,0909090909091 0,381818181818 
CP_RMFCEN2 0,0 0,0909090909091 0,327272727273 
CP_RO 0,0181818181818 0,0545454545455 0,2 
CP_SJKG 0,0363636363636 0,127272727273 0,309090909091 
CP_SKOa 0,0181818181818 0,163636363636 0,290909090909 
CP_SKOb 0,0363636363636 0,0727272727273 0,236363636364 
CP_SKOIP 0,0181818181818 0,0727272727273 0,218181818182 
CP_TB 0,0545454545455 0,236363636364 0,381818181818 
CP_TD 0,0181818181818 0,127272727273 0,254545454545 
CP_TEl 0,0 0,0727272727273 0,254545454545 
CP_TEs 0,0 0,0363636363636 0,181818181818 
CP_TS 0,0363636363636 0,145454545455 0,309090909091 
CP_TSC 0,0727272727273 0,163636363636 0,309090909091 
CP_VD 0,0545454545455 0,163636363636 0,327272727273 
CP_Z3DC_CB 0,0 0,0 0,0363636363636 
CP_Z3DC_MIN 0,0 0,0363636363636 0,145454545455 
CP_ZLOCAL_CB 0,0 0,0181818181818 0,0363636363636 
CP_ZLOCAL_MIN 0,0 0,0363636363636 0,0909090909091 
CP_ZPAIR_CB 0,0 0,0181818181818 0,0727272727273 
CP_ZPAIR_MIN 0,0 0,0363636363636 0,145454545455 
CP_ZS3DC_CB 0,0 0,0181818181818 0,0909090909091 
CP_ZS3DC_MIN 0,0181818181818 0,127272727273 0,254545454545 
DESOLV 0,0181818181818 0,0363636363636 0,109090909091 
ELE 0,0727272727273 0,218181818182 0,381818181818 
ODA 0,0 0,0 0,127272727273 
PROPNSTS 0,0 0,0 0,0727272727273 
PYDOCK_TOT 0,145454545455 0,218181818182 0,345454545455 
SIPPER 0,0 0,0181818181818 0,0545454545455 
VDW 0,0 0,0909090909091 0,327272727273 

