/gpfs/scratch/bsc54/bsc54563/Analisys_MI_BM4_BM5_METHOD_MIX 

pdb,list,strongbinders samples = 28

AP_calRW 0,0357142857143 0,214285714286 0,75 
AP_calRWp 0,142857142857 0,357142857143 0,571428571429 
AP_DARS 0,178571428571 0,25 0,357142857143 
AP_DCOMPLEX 0,107142857143 0,285714285714 0,714285714286 
AP_dDFIRE 0,178571428571 0,25 0,464285714286 
AP_DFIRE2 0,0357142857143 0,178571428571 0,464285714286 
AP_DOPE 0,0714285714286 0,214285714286 0,392857142857 
AP_DOPE_HR 0,0357142857143 0,142857142857 0,464285714286 
AP_GOAP_ALL 0,0 0,0357142857143 0,0714285714286 
AP_GOAP_DF 0,0714285714286 0,214285714286 0,464285714286 
AP_GOAP_G 0,0 0,0 0,0714285714286 
AP_MPS 0,107142857143 0,25 0,464285714286 
AP_PISA 0,214285714286 0,571428571429 0,75 
AP_T1 0,178571428571 0,392857142857 0,678571428571 
AP_T2 0,107142857143 0,285714285714 0,642857142857 
AP_URS 0,107142857143 0,25 0,464285714286 
AP_WENG 0,0714285714286 0,0714285714286 0,285714285714 
CP_BFKV 0,107142857143 0,214285714286 0,428571428571 
CP_BL 0,0357142857143 0,357142857143 0,535714285714 
CP_BT 0,0357142857143 0,25 0,571428571429 
CP_DECK 0,285714285714 0,321428571429 0,571428571429 
CP_E3D_CB 0,0714285714286 0,178571428571 0,607142857143 
CP_E3DC_CB 0,0 0,107142857143 0,142857142857 
CP_E3DC_MIN 0,0357142857143 0,285714285714 0,571428571429 
CP_E3D_MIN 0,142857142857 0,464285714286 0,714285714286 
CP_ELOCAL_CB 0,0357142857143 0,214285714286 0,5 
CP_ELOCAL_MIN 0,107142857143 0,285714285714 0,678571428571 
CP_EPAIR_CB 0,107142857143 0,178571428571 0,464285714286 
CP_EPAIR_MIN 0,107142857143 0,321428571429 0,678571428571 
CP_ES3DC_CB 0,0357142857143 0,142857142857 0,357142857143 
CP_ES3DC_MIN 0,0357142857143 0,25 0,571428571429 
CP_GKS 0,0 0,0357142857143 0,428571428571 
CP_HLPL 0,214285714286 0,392857142857 0,642857142857 
CP_MJ1 0,0 0,0714285714286 0,357142857143 
CP_MJ2 0,0 0,0357142857143 0,357142857143 
CP_MJ2h 0,107142857143 0,285714285714 0,714285714286 
CP_MJ3h 0,107142857143 0,285714285714 0,5 
CP_MJPL 0,142857142857 0,321428571429 0,642857142857 
CP_MS 0,0 0,107142857143 0,5 
CP_MSBM 0,0714285714286 0,214285714286 0,321428571429 
CP_Qa 0,0 0,107142857143 0,285714285714 
CP_Qm 0,142857142857 0,178571428571 0,357142857143 
CP_Qp 0,142857142857 0,321428571429 0,607142857143 
CP_RMFCA 0,142857142857 0,25 0,642857142857 
CP_RMFCEN1 0,107142857143 0,5 0,678571428571 
CP_RMFCEN2 0,107142857143 0,392857142857 0,607142857143 
CP_RO 0,0 0,0714285714286 0,321428571429 
CP_SJKG 0,0357142857143 0,0714285714286 0,25 
CP_SKOa 0,0 0,178571428571 0,25 
CP_SKOb 0,0357142857143 0,178571428571 0,535714285714 
CP_SKOIP 0,142857142857 0,285714285714 0,5 
CP_TB 0,107142857143 0,464285714286 0,714285714286 
CP_TD 0,0714285714286 0,285714285714 0,642857142857 
CP_TEl 0,142857142857 0,321428571429 0,464285714286 
CP_TEs 0,0 0,0357142857143 0,357142857143 
CP_TS 0,142857142857 0,357142857143 0,75 
CP_TSC 0,214285714286 0,357142857143 0,785714285714 
CP_VD 0,0357142857143 0,142857142857 0,607142857143 
CP_Z3DC_CB 0,0 0,0 0,0 
CP_Z3DC_MIN 0,0 0,0714285714286 0,214285714286 
CP_ZLOCAL_CB 0,0 0,0 0,0 
CP_ZLOCAL_MIN 0,0 0,0 0,0714285714286 
CP_ZPAIR_CB 0,0 0,0357142857143 0,0357142857143 
CP_ZPAIR_MIN 0,0357142857143 0,0714285714286 0,178571428571 
CP_ZS3DC_CB 0,0357142857143 0,0357142857143 0,107142857143 
CP_ZS3DC_MIN 0,142857142857 0,25 0,535714285714 
DESOLV 0,0714285714286 0,107142857143 0,214285714286 
ELE 0,107142857143 0,25 0,642857142857 
ODA 0,178571428571 0,285714285714 0,392857142857 
PROPNSTS 0,0 0,0 0,0357142857143 
PYDOCK_TOT 0,142857142857 0,25 0,428571428571 
SIPPER 0,0 0,0 0,0 
VDW 0,0357142857143 0,25 0,571428571429 

/gpfs/scratch/bsc54/bsc54563/Analisys_MI_BM4_BM5_METHOD_MIX 

pdb,list,wmbinders samples = 61

AP_calRW 0,0327868852459 0,147540983607 0,491803278689 
AP_calRWp 0,016393442623 0,16393442623 0,524590163934 
AP_DARS 0,0327868852459 0,131147540984 0,27868852459 
AP_DCOMPLEX 0,131147540984 0,245901639344 0,44262295082 
AP_dDFIRE 0,0655737704918 0,196721311475 0,344262295082 
AP_DFIRE2 0,0327868852459 0,0983606557377 0,295081967213 
AP_DOPE 0,016393442623 0,0491803278689 0,196721311475 
AP_DOPE_HR 0,0491803278689 0,147540983607 0,245901639344 
AP_GOAP_ALL 0,016393442623 0,0327868852459 0,180327868852 
AP_GOAP_DF 0,0327868852459 0,131147540984 0,27868852459 
AP_GOAP_G 0,0 0,016393442623 0,0819672131148 
AP_MPS 0,0 0,0327868852459 0,16393442623 
AP_PISA 0,0983606557377 0,27868852459 0,508196721311 
AP_T1 0,0327868852459 0,262295081967 0,426229508197 
AP_T2 0,0491803278689 0,27868852459 0,459016393443 
AP_URS 0,016393442623 0,0819672131148 0,327868852459 
AP_WENG 0,0 0,016393442623 0,0819672131148 
CP_BFKV 0,016393442623 0,114754098361 0,327868852459 
CP_BL 0,016393442623 0,131147540984 0,360655737705 
CP_BT 0,0491803278689 0,229508196721 0,393442622951 
CP_DECK 0,0819672131148 0,213114754098 0,360655737705 
CP_E3D_CB 0,0 0,0655737704918 0,262295081967 
CP_E3DC_CB 0,016393442623 0,0655737704918 0,196721311475 
CP_E3DC_MIN 0,016393442623 0,147540983607 0,344262295082 
CP_E3D_MIN 0,0 0,0819672131148 0,393442622951 
CP_ELOCAL_CB 0,016393442623 0,0819672131148 0,229508196721 
CP_ELOCAL_MIN 0,0491803278689 0,131147540984 0,377049180328 
CP_EPAIR_CB 0,016393442623 0,0491803278689 0,196721311475 
CP_EPAIR_MIN 0,016393442623 0,131147540984 0,295081967213 
CP_ES3DC_CB 0,016393442623 0,0491803278689 0,213114754098 
CP_ES3DC_MIN 0,0 0,114754098361 0,327868852459 
CP_GKS 0,016393442623 0,0491803278689 0,295081967213 
CP_HLPL 0,0327868852459 0,196721311475 0,426229508197 
CP_MJ1 0,016393442623 0,0819672131148 0,196721311475 
CP_MJ2 0,0 0,016393442623 0,27868852459 
CP_MJ2h 0,0491803278689 0,147540983607 0,426229508197 
CP_MJ3h 0,0491803278689 0,180327868852 0,327868852459 
CP_MJPL 0,0327868852459 0,131147540984 0,360655737705 
CP_MS 0,0 0,0655737704918 0,327868852459 
CP_MSBM 0,0327868852459 0,0655737704918 0,295081967213 
CP_Qa 0,016393442623 0,0491803278689 0,180327868852 
CP_Qm 0,0327868852459 0,0655737704918 0,229508196721 
CP_Qp 0,016393442623 0,131147540984 0,409836065574 
CP_RMFCA 0,0327868852459 0,16393442623 0,311475409836 
CP_RMFCEN1 0,0 0,114754098361 0,44262295082 
CP_RMFCEN2 0,016393442623 0,0819672131148 0,491803278689 
CP_RO 0,0 0,0655737704918 0,27868852459 
CP_SJKG 0,016393442623 0,0655737704918 0,27868852459 
CP_SKOa 0,016393442623 0,0655737704918 0,262295081967 
CP_SKOb 0,016393442623 0,131147540984 0,344262295082 
CP_SKOIP 0,016393442623 0,131147540984 0,344262295082 
CP_TB 0,0819672131148 0,180327868852 0,459016393443 
CP_TD 0,0327868852459 0,16393442623 0,426229508197 
CP_TEl 0,0655737704918 0,131147540984 0,393442622951 
CP_TEs 0,016393442623 0,0655737704918 0,295081967213 
CP_TS 0,0 0,0983606557377 0,44262295082 
CP_TSC 0,0655737704918 0,311475409836 0,55737704918 
CP_VD 0,0327868852459 0,0819672131148 0,245901639344 
CP_Z3DC_CB 0,0 0,0 0,0983606557377 
CP_Z3DC_MIN 0,016393442623 0,0819672131148 0,213114754098 
CP_ZLOCAL_CB 0,0 0,016393442623 0,0819672131148 
CP_ZLOCAL_MIN 0,0 0,016393442623 0,114754098361 
CP_ZPAIR_CB 0,0 0,0 0,0491803278689 
CP_ZPAIR_MIN 0,0 0,0327868852459 0,114754098361 
CP_ZS3DC_CB 0,0327868852459 0,0819672131148 0,262295081967 
CP_ZS3DC_MIN 0,016393442623 0,147540983607 0,262295081967 
DESOLV 0,0327868852459 0,0819672131148 0,16393442623 
ELE 0,0655737704918 0,180327868852 0,409836065574 
ODA 0,0 0,131147540984 0,213114754098 
PROPNSTS 0,0 0,0 0,0327868852459 
PYDOCK_TOT 0,131147540984 0,27868852459 0,360655737705 
SIPPER 0,0 0,0 0,0327868852459 
VDW 0,016393442623 0,16393442623 0,44262295082 

/gpfs/scratch/bsc54/bsc54563/Analisys_MI_BM4_BM5_METHOD_MIX 

pdb,list,strongbinders,BM5 samples = 9

AP_calRW 0,0 0,111111111111 0,777777777778 
AP_calRWp 0,111111111111 0,444444444444 0,888888888889 
AP_DARS 0,0 0,333333333333 0,444444444444 
AP_DCOMPLEX 0,222222222222 0,333333333333 0,777777777778 
AP_dDFIRE 0,111111111111 0,111111111111 0,333333333333 
AP_DFIRE2 0,0 0,222222222222 0,333333333333 
AP_DOPE 0,111111111111 0,111111111111 0,444444444444 
AP_DOPE_HR 0,111111111111 0,222222222222 0,444444444444 
AP_GOAP_ALL 0,0 0,0 0,222222222222 
AP_GOAP_DF 0,0 0,222222222222 0,333333333333 
AP_GOAP_G 0,0 0,0 0,111111111111 
AP_MPS 0,222222222222 0,444444444444 0,666666666667 
AP_PISA 0,0 0,333333333333 0,666666666667 
AP_T1 0,222222222222 0,555555555556 0,777777777778 
AP_T2 0,111111111111 0,333333333333 0,666666666667 
AP_URS 0,111111111111 0,111111111111 0,444444444444 
AP_WENG 0,0 0,0 0,222222222222 
CP_BFKV 0,333333333333 0,333333333333 0,666666666667 
CP_BL 0,0 0,222222222222 0,666666666667 
CP_BT 0,333333333333 0,555555555556 0,666666666667 
CP_DECK 0,0 0,0 0,111111111111 
CP_E3D_CB 0,111111111111 0,222222222222 0,333333333333 
CP_E3DC_CB 0,0 0,0 0,222222222222 
CP_E3DC_MIN 0,0 0,222222222222 0,222222222222 
CP_E3D_MIN 0,0 0,111111111111 0,444444444444 
CP_ELOCAL_CB 0,0 0,222222222222 0,222222222222 
CP_ELOCAL_MIN 0,0 0,0 0,444444444444 
CP_EPAIR_CB 0,0 0,222222222222 0,222222222222 
CP_EPAIR_MIN 0,111111111111 0,111111111111 0,444444444444 
CP_ES3DC_CB 0,0 0,0 0,0 
CP_ES3DC_MIN 0,222222222222 0,333333333333 0,555555555556 
CP_GKS 0,111111111111 0,333333333333 0,555555555556 
CP_HLPL 0,222222222222 0,333333333333 0,888888888889 
CP_MJ1 0,111111111111 0,444444444444 0,555555555556 
CP_MJ2 0,222222222222 0,222222222222 0,555555555556 
CP_MJ2h 0,0 0,111111111111 0,333333333333 
CP_MJ3h 0,111111111111 0,111111111111 0,666666666667 
CP_MJPL 0,111111111111 0,111111111111 0,444444444444 
CP_MS 0,111111111111 0,444444444444 0,555555555556 
CP_MSBM 0,0 0,111111111111 0,111111111111 
CP_Qa 0,0 0,0 0,333333333333 
CP_Qm 0,0 0,111111111111 0,333333333333 
CP_Qp 0,0 0,111111111111 0,777777777778 
CP_RMFCA 0,0 0,111111111111 0,333333333333 
CP_RMFCEN1 0,111111111111 0,222222222222 0,666666666667 
CP_RMFCEN2 0,0 0,222222222222 0,666666666667 
CP_RO 0,0 0,0 0,222222222222 
CP_SJKG 0,0 0,333333333333 0,555555555556 
CP_SKOa 0,111111111111 0,333333333333 0,555555555556 
CP_SKOb 0,0 0,111111111111 0,444444444444 
CP_SKOIP 0,0 0,0 0,333333333333 
CP_TB 0,222222222222 0,555555555556 0,777777777778 
CP_TD 0,111111111111 0,333333333333 0,444444444444 
CP_TEl 0,0 0,111111111111 0,222222222222 
CP_TEs 0,0 0,0 0,333333333333 
CP_TS 0,0 0,111111111111 0,333333333333 
CP_TSC 0,111111111111 0,444444444444 0,555555555556 
CP_VD 0,111111111111 0,555555555556 0,555555555556 
CP_Z3DC_CB 0,0 0,0 0,111111111111 
CP_Z3DC_MIN 0,0 0,0 0,0 
CP_ZLOCAL_CB 0,0 0,0 0,111111111111 
CP_ZLOCAL_MIN 0,0 0,111111111111 0,222222222222 
CP_ZPAIR_CB 0,0 0,0 0,0 
CP_ZPAIR_MIN 0,0 0,0 0,444444444444 
CP_ZS3DC_CB 0,0 0,0 0,111111111111 
CP_ZS3DC_MIN 0,0 0,333333333333 0,666666666667 
DESOLV 0,0 0,0 0,111111111111 
ELE 0,222222222222 0,666666666667 0,777777777778 
ODA 0,0 0,0 0,111111111111 
PROPNSTS 0,0 0,0 0,0 
PYDOCK_TOT 0,111111111111 0,222222222222 0,444444444444 
SIPPER 0,0 0,0 0,0 
VDW 0,0 0,111111111111 0,555555555556 

/gpfs/scratch/bsc54/bsc54563/Analisys_MI_BM4_BM5_METHOD_MIX 

pdb,list,wmbinders,bm5 samples = 37

AP_calRW 0,0540540540541 0,0810810810811 0,351351351351 
AP_calRWp 0,0540540540541 0,189189189189 0,405405405405 
AP_DARS 0,027027027027 0,108108108108 0,27027027027 
AP_DCOMPLEX 0,135135135135 0,189189189189 0,351351351351 
AP_dDFIRE 0,0 0,0810810810811 0,243243243243 
AP_DFIRE2 0,0 0,0810810810811 0,27027027027 
AP_DOPE 0,0 0,0 0,189189189189 
AP_DOPE_HR 0,027027027027 0,135135135135 0,27027027027 
AP_GOAP_ALL 0,027027027027 0,0540540540541 0,216216216216 
AP_GOAP_DF 0,027027027027 0,135135135135 0,27027027027 
AP_GOAP_G 0,0 0,027027027027 0,108108108108 
AP_MPS 0,027027027027 0,0810810810811 0,135135135135 
AP_PISA 0,027027027027 0,189189189189 0,405405405405 
AP_T1 0,0810810810811 0,162162162162 0,378378378378 
AP_T2 0,0540540540541 0,189189189189 0,405405405405 
AP_URS 0,0 0,135135135135 0,378378378378 
AP_WENG 0,027027027027 0,027027027027 0,0540540540541 
CP_BFKV 0,027027027027 0,027027027027 0,351351351351 
CP_BL 0,0540540540541 0,216216216216 0,405405405405 
CP_BT 0,0810810810811 0,216216216216 0,432432432432 
CP_DECK 0,027027027027 0,0810810810811 0,27027027027 
CP_E3D_CB 0,027027027027 0,0540540540541 0,27027027027 
CP_E3DC_CB 0,027027027027 0,0810810810811 0,189189189189 
CP_E3DC_MIN 0,0 0,0810810810811 0,189189189189 
CP_E3D_MIN 0,027027027027 0,108108108108 0,297297297297 
CP_ELOCAL_CB 0,0 0,108108108108 0,243243243243 
CP_ELOCAL_MIN 0,0540540540541 0,135135135135 0,324324324324 
CP_EPAIR_CB 0,0 0,027027027027 0,162162162162 
CP_EPAIR_MIN 0,0 0,0810810810811 0,27027027027 
CP_ES3DC_CB 0,0 0,027027027027 0,189189189189 
CP_ES3DC_MIN 0,0 0,108108108108 0,243243243243 
CP_GKS 0,0 0,0540540540541 0,243243243243 
CP_HLPL 0,0810810810811 0,189189189189 0,324324324324 
CP_MJ1 0,0540540540541 0,135135135135 0,216216216216 
CP_MJ2 0,027027027027 0,027027027027 0,297297297297 
CP_MJ2h 0,0810810810811 0,162162162162 0,243243243243 
CP_MJ3h 0,027027027027 0,0810810810811 0,324324324324 
CP_MJPL 0,0810810810811 0,189189189189 0,297297297297 
CP_MS 0,027027027027 0,0810810810811 0,324324324324 
CP_MSBM 0,0810810810811 0,108108108108 0,243243243243 
CP_Qa 0,0 0,0 0,162162162162 
CP_Qm 0,027027027027 0,108108108108 0,27027027027 
CP_Qp 0,0540540540541 0,135135135135 0,378378378378 
CP_RMFCA 0,027027027027 0,162162162162 0,324324324324 
CP_RMFCEN1 0,0 0,108108108108 0,378378378378 
CP_RMFCEN2 0,027027027027 0,0810810810811 0,378378378378 
CP_RO 0,027027027027 0,108108108108 0,243243243243 
CP_SJKG 0,027027027027 0,027027027027 0,27027027027 
CP_SKOa 0,0 0,0810810810811 0,243243243243 
CP_SKOb 0,027027027027 0,108108108108 0,297297297297 
CP_SKOIP 0,0 0,0810810810811 0,216216216216 
CP_TB 0,0 0,162162162162 0,405405405405 
CP_TD 0,0 0,0810810810811 0,27027027027 
CP_TEl 0,027027027027 0,108108108108 0,324324324324 
CP_TEs 0,0 0,0540540540541 0,27027027027 
CP_TS 0,0 0,162162162162 0,297297297297 
CP_TSC 0,0810810810811 0,297297297297 0,459459459459 
CP_VD 0,027027027027 0,108108108108 0,27027027027 
CP_Z3DC_CB 0,0 0,0 0,0540540540541 
CP_Z3DC_MIN 0,0 0,0810810810811 0,162162162162 
CP_ZLOCAL_CB 0,0 0,0540540540541 0,0810810810811 
CP_ZLOCAL_MIN 0,0 0,027027027027 0,135135135135 
CP_ZPAIR_CB 0,0 0,027027027027 0,0540540540541 
CP_ZPAIR_MIN 0,0 0,0540540540541 0,0540540540541 
CP_ZS3DC_CB 0,027027027027 0,0810810810811 0,216216216216 
CP_ZS3DC_MIN 0,027027027027 0,108108108108 0,216216216216 
DESOLV 0,0540540540541 0,0810810810811 0,162162162162 
ELE 0,027027027027 0,162162162162 0,405405405405 
ODA 0,0 0,0540540540541 0,216216216216 
PROPNSTS 0,0 0,0 0,0810810810811 
PYDOCK_TOT 0,108108108108 0,189189189189 0,297297297297 
SIPPER 0,0 0,027027027027 0,108108108108 
VDW 0,0 0,108108108108 0,324324324324 

